2.664371722345596716e+00
2.664371722345596716e+00
2.664371722345596716e+00
2.664371722345596716e+00
2.664371722345596716e+00
2.664371722345596716e+00
2.664371722345596716e+00
2.664371722345596716e+00
2.664371722345596716e+00
2.664371722345596716e+00
2.664371722345596716e+00
2.664371722345596716e+00
2.664371722345596716e+00
2.664371722345596716e+00
2.664371722345596716e+00
2.664371722345596716e+00
2.664371722345596716e+00
2.664371722345596716e+00
2.664371722345596716e+00
2.664371722345596716e+00
2.664371722345596716e+00
2.664371722345596716e+00
2.664371722345596716e+00
2.664371722345596716e+00
2.664371722345596716e+00
2.664371722345596716e+00
2.664371722345596716e+00
2.664371722345596716e+00
2.664371722345596716e+00
2.664371722345596716e+00
2.664371722345596716e+00
2.664371722345596716e+00
2.664371722345596716e+00
2.664371722345596716e+00
2.664371722345596716e+00
2.664371722345596716e+00
2.664371722345596716e+00
2.664371722345596716e+00
2.664371722345596716e+00
2.664371722345596716e+00
2.664371722345596716e+00
2.200391915451664626e-01
5.091444617952652907e-01
4.295438052577263965e-01
4.873554210244309126e-01
5.874737552136185537e-01
5.363458082956499284e-01
4.963194066410258620e-01
4.408107354482799778e-01
4.382526162544205794e-01
4.499887940767283712e-01
4.519932645241483971e-01
4.319873753054785381e-01
4.260941351413424227e-01
4.148955758963551732e-01
4.203467054968053618e-01
4.084164734916239103e-01
4.186365143962138546e-01
4.335322038035649972e-01
4.139289631104410283e-01
4.125849173912305989e-01
4.251045536311916506e-01
4.048655912303962823e-01
4.099754124460898153e-01
4.099164113437155366e-01
4.179440421495486113e-01
4.223850034801835407e-01
4.080415384417696578e-01
4.065694877255002782e-01
4.085743995548425378e-01
4.081858417342584255e-01
4.063697919977482531e-01
4.169588725368971738e-01
4.154982376543760458e-01
4.248995373082373739e-01
4.225655820953431729e-01
4.141577953464111173e-01
4.205847902116091053e-01
4.183441833565935131e-01
4.131824950229694426e-01
4.200241230057892294e-01
4.236813349087874547e-01
4.081429857352356638e-01
4.144670304361628976e-01
4.277836552939298098e-01
4.109241697142735350e-01
4.108393400349145685e-01
4.034655486170887206e-01
4.147528987085765673e-01
4.162853817673775048e-01
4.085774602307483128e-01
4.002956517372711076e-01
4.191996122865633834e-01
4.195661510031208352e-01
4.091540602715973418e-01
4.040418129699571148e-01
4.222365035733017247e-01
4.312315296093496841e-01
4.158871995136750321e-01
4.326602212888643884e-01
