9.098520697409973934e+01
9.098520697409973934e+01
9.098520697409973934e+01
9.098520697409973934e+01
9.098520697409973934e+01
9.098520697409973934e+01
9.098520697409973934e+01
9.098520697409973934e+01
9.098520697409973934e+01
9.098520697409973934e+01
9.098520697409973934e+01
9.098520697409973934e+01
9.098520697409973934e+01
9.098520697409973934e+01
9.098520697409973934e+01
9.098520697409973934e+01
9.098520697409973934e+01
9.098520697409973934e+01
9.098520697409973934e+01
9.098520697409973934e+01
9.098520697409973934e+01
9.098520697409973934e+01
9.098520697409973934e+01
9.098520697409973934e+01
9.098520697409973934e+01
9.098520697409973934e+01
9.098520697409973934e+01
9.098520697409973934e+01
9.098520697409973934e+01
9.098520697409973934e+01
9.098520697409973934e+01
9.098520697409973934e+01
9.098520697409973934e+01
9.098520697409973934e+01
9.098520697409973934e+01
9.098520697409973934e+01
9.098520697409973934e+01
9.098520697409973934e+01
9.098520697409973934e+01
9.098520697409973934e+01
9.098520697409973934e+01
2.863680349264187086e+01
5.320349540232668595e+00
1.013520287119389884e+01
9.597350103586428371e-01
9.486508486554672270e-01
1.711376557590218894e+00
3.045672123008142496e+00
2.255909470567181163e+00
3.514088364113704621e+00
1.918062455566462265e+00
3.820539910635679881e+00
2.174334994549415256e+00
1.769698755255959544e+00
4.833409962472693167e+00
2.176350787906391471e+00
1.510465206966938867e+00
7.589525075226558393e+00
3.763516717897763542e+00
3.229876983954477421e+00
5.370240903781302144e+00
1.819243547481239620e+00
2.352036096700394818e+00
3.057015724290784497e+00
5.135468099460085867e+00
1.316830477459337567e+00
1.252347114100592851e+00
1.806309294204121008e+00
1.711821268440278265e+00
1.375800839855511049e+00
1.719290295357677190e+00
1.744824896474263864e+00
1.749073527891794377e+00
1.627917240843165914e+00
1.399861181979556779e+00
1.696855834665763618e+00
1.732949800122824735e+00
1.700778183133383914e+00
1.953269129973970619e+00
1.881553621361822026e+00
1.643055276446365731e+00
1.343333762423218669e+00
1.395262856669551965e+00
1.520052579413681659e+00
1.977569950014181899e+00
2.629868551501348239e+00
2.184091128996387354e+00
2.377487129581511205e+00
1.749870836415149178e+00
2.452446811519183978e+00
2.079812866535664551e+00
2.251448618419256142e+00
2.279603091735002085e+00
1.532269087402969632e+00
1.622836522752751476e+00
1.905248006851222531e+00
2.066684544457067840e+00
1.781998809846820242e+00
1.624816209721918314e+00
1.456428808120829643e+00
