-5.427192041777691855e+01
-5.427192041777691855e+01
-5.427192041777691855e+01
-5.427192041777691855e+01
-5.427192041777691855e+01
-5.427192041777691855e+01
-5.427192041777691855e+01
-5.427192041777691855e+01
-5.427192041777691855e+01
-5.427192041777691855e+01
-5.427192041777691855e+01
-5.427192041777691855e+01
-5.427192041777691855e+01
-5.427192041777691855e+01
-5.427192041777691855e+01
-5.427192041777691855e+01
-5.427192041777691855e+01
-5.427192041777691855e+01
-5.427192041777691855e+01
-5.427192041777691855e+01
-5.427192041777691855e+01
-5.427192041777691855e+01
-5.427192041777691855e+01
-5.427192041777691855e+01
-5.427192041777691855e+01
-5.427192041777691855e+01
-5.427192041777691855e+01
-5.427192041777691855e+01
-5.427192041777691855e+01
-5.427192041777691855e+01
-5.427192041777691855e+01
-5.427192041777691855e+01
-5.427192041777691855e+01
-5.427192041777691855e+01
-5.427192041777691855e+01
-5.427192041777691855e+01
-5.427192041777691855e+01
-5.427192041777691855e+01
-5.427192041777691855e+01
-5.427192041777691855e+01
-5.427192041777691855e+01
-1.433366883394462121e+01
-9.634035565315926419e+00
-6.506947644615970638e+00
-4.244612958664364832e+00
-1.654998407724510123e+00
-1.448216854691550370e+00
-1.738844410025319531e+00
-9.204802985143243355e-01
-1.015245245107492256e+00
-1.122474815120434677e+00
-1.112343243475645727e+00
-8.086959701983069682e-01
-8.856173690044620850e-01
-1.128219975582526846e+00
-1.150867647025229257e+00
-1.344670597741429052e+00
-1.007150404933488508e+00
-9.866386530558945989e-01
-9.034801176041084014e-01
-8.368102751325731115e-01
-7.934750661801407423e-01
-8.890348418145243015e-01
-9.970870539196858839e-01
-1.102590743987777566e+00
-1.035077347665837921e+00
-9.078956287516108947e-01
-1.081840952542129308e+00
-1.278867977820445034e+00
-1.062132298720306345e+00
-1.223904303791245818e+00
-1.118225585410803191e+00
-9.572921792060511414e-01
-1.197080449268897784e+00
-1.199145678970126250e+00
-9.686614746408710452e-01
-8.808453440299834902e-01
-8.283869317763106199e-01
-1.146653541051358971e+00
-1.055020476399711526e+00
-9.838408832486210676e-01
-1.268966345031725451e+00
-9.967512566631177018e-01
-1.339177555245752327e+00
-1.137956814325157939e+00
-1.237152464390577356e+00
-1.057509448952725695e+00
-1.380166336797941762e+00
-1.049886104555762589e+00
-8.556266759498591945e-01
-1.148754962337460883e+00
-1.095701855057425345e+00
-1.101125253519469105e+00
-1.068795190386366611e+00
-1.158763429053359717e+00
-1.107396281581763287e+00
-1.015877438029178181e+00
-9.981893044903692447e-01
-1.317254112791055753e+00
-9.431273313875276898e-01
