1.000000000000000000e+00
1.000000000000000000e+00
1.000000000000000000e+00
1.000000000000000000e+00
1.000000000000000000e+00
1.000000000000000000e+00
1.000000000000000000e+00
1.000000000000000000e+00
1.000000000000000000e+00
1.000000000000000000e+00
1.000000000000000000e+00
1.000000000000000000e+00
1.000000000000000000e+00
1.000000000000000000e+00
1.000000000000000000e+00
1.000000000000000000e+00
1.000000000000000000e+00
1.000000000000000000e+00
1.000000000000000000e+00
1.000000000000000000e+00
1.000000000000000000e+00
1.000000000000000000e+00
1.000000000000000000e+00
1.000000000000000000e+00
1.000000000000000000e+00
1.000000000000000000e+00
1.000000000000000000e+00
1.000000000000000000e+00
1.000000000000000000e+00
1.000000000000000000e+00
1.000000000000000000e+00
1.000000000000000000e+00
1.000000000000000000e+00
1.000000000000000000e+00
1.000000000000000000e+00
1.000000000000000000e+00
1.000000000000000000e+00
1.000000000000000000e+00
1.000000000000000000e+00
1.000000000000000000e+00
1.000000000000000000e+00
1.204090539896721795e-01
6.351137047388524248e-01
5.393042861130737942e-01
5.390158095212477241e-01
8.084278951570330607e-01
7.296602052511784731e-01
6.892564318065442786e-01
6.189806175208416583e-01
6.323246397723509826e-01
6.600026585113214495e-01
6.642138999475373229e-01
6.418308293984226198e-01
6.277703044750996275e-01
5.860226131521594217e-01
6.161275126328419338e-01
5.862100511079090248e-01
6.220162495461126761e-01
6.417255677175301987e-01
6.037276929575632334e-01
6.047760060210456423e-01
6.151239884578938444e-01
5.894424674657160468e-01
6.007511888730827643e-01
5.894883481371622214e-01
6.322470699766447044e-01
6.318361666941113564e-01
5.978030390364997837e-01
5.997420828809988391e-01
6.122330393626262968e-01
5.910547988789047746e-01
5.958129909883096431e-01
6.088657147726401764e-01
6.176362428145449890e-01
6.201472482533745278e-01
6.266091422293094126e-01
6.162749440929257139e-01
6.128134401476310611e-01
6.096975142091827227e-01
6.116341802022675633e-01
6.167788621686336459e-01
6.224411239074126856e-01
5.820388304548155256e-01
6.032948045177491947e-01
6.116139686275546827e-01
5.745226082126777545e-01
5.855659161683142155e-01
5.580694576107058102e-01
6.086452981514323124e-01
5.854483314751396383e-01
5.935131637196124910e-01
5.729036270155672961e-01
5.991190311548423297e-01
6.174079600175770288e-01
5.905915714106165781e-01
5.740031428226547439e-01
6.075353990363728807e-01
6.199271139969196875e-01
6.185717219157678137e-01
6.534752385929775143e-01
