1.217680004041571351e+01
1.217680004041571351e+01
1.217680004041571351e+01
1.217680004041571351e+01
1.217680004041571351e+01
1.217680004041571351e+01
1.217680004041571351e+01
1.217680004041571351e+01
1.217680004041571351e+01
1.217680004041571351e+01
1.217680004041571351e+01
1.217680004041571351e+01
1.217680004041571351e+01
1.217680004041571351e+01
1.217680004041571351e+01
1.217680004041571351e+01
1.217680004041571351e+01
1.217680004041571351e+01
1.217680004041571351e+01
1.217680004041571351e+01
1.217680004041571351e+01
1.217680004041571351e+01
1.217680004041571351e+01
1.217680004041571351e+01
1.217680004041571351e+01
1.217680004041571351e+01
1.217680004041571351e+01
1.217680004041571351e+01
1.217680004041571351e+01
1.217680004041571351e+01
1.217680004041571351e+01
1.217680004041571351e+01
1.217680004041571351e+01
1.217680004041571351e+01
1.217680004041571351e+01
1.217680004041571351e+01
1.217680004041571351e+01
1.217680004041571351e+01
1.217680004041571351e+01
1.217680004041571351e+01
1.217680004041571351e+01
3.311528172046809004e+01
1.394767459723076897e+01
1.182176140903571238e+01
5.212822710052051001e+00
1.958303612318654574e+00
1.500846519329225526e+00
1.570736148733485216e+00
8.149622930457393055e-01
9.387857600489470933e-01
1.248807230919252387e+00
1.047631300956747280e+00
7.128755552425778408e-01
7.423405341853319683e-01
1.155406411229774610e+00
8.614959941903085339e-01
1.114692967908616161e+00
7.624710010675601612e-01
9.089739050889336092e-01
8.293858248369303521e-01
7.285787276890597353e-01
7.115292508401975802e-01
8.554853341565313851e-01
8.936962870053420938e-01
1.026930770139312221e+00
9.725302773319400851e-01
8.783839908316847245e-01
1.048629829528485269e+00
1.073222787435700987e+00
1.008262940551204467e+00
1.168793458171864641e+00
9.956908919541860303e-01
8.239627451798294810e-01
9.604157459344665471e-01
1.092050469588906170e+00
9.507323551494610836e-01
8.925195270878284459e-01
7.124805061188717037e-01
1.210893689849706245e+00
1.037802940421174824e+00
8.623736605828478119e-01
9.835432520027500569e-01
1.012307522191918663e+00
1.139636542278301912e+00
1.032842843484758077e+00
1.250691431738351955e+00
8.783680394793083046e-01
1.181431869606618612e+00
9.103198055340049333e-01
8.855401246685540295e-01
9.367932320352528874e-01
9.743800434380037734e-01
8.677681460193733542e-01
8.535085778939516254e-01
1.065852895972797754e+00
1.033220956487636233e+00
9.168993036295809418e-01
1.012900180768605329e+00
1.187789855144419038e+00
9.561063749880371887e-01
